(b) o fmincon single-start ANDOU? (theta devolvido == theta0 == 1 EXATO)
   T11_smoke  obj0: theta==theta0 EXATO em  7/40 ; toca TETO 1e3 em  0 ; toca PISO 1e-3 em  5
   T11_smoke  obj1: theta==theta0 EXATO em  4/40 ; toca TETO 1e3 em  6 ; toca PISO 1e-3 em  3
   R42        obj0: theta==theta0 EXATO em 10/40 ; toca TETO 1e3 em  0 ; toca PISO 1e-3 em 10
   R42        obj1: theta==theta0 EXATO em  7/40 ; toca TETO 1e3 em  7 ; toca PISO 1e-3 em  3

(a)+(c) degeneracao de R no argmax da grade — 4 geracoes-amostra por run
    fonte  g  obj  n     lnL_log     lnL_rec     cond_log   grid_max      grid_arg    grid_cond  grid_s2    grid_ok   grid_ok_arg  grid_ok_cond  gap_bruto  gap_saudavel
T11_smoke  1    0 21   25.672417   25.672417 1.000001e+00  51.906755   (2.0, -2.5) 1.410842e+04 0.056759  51.906755   (2.0, -2.5)  1.410842e+04  26.234338     26.234338
T11_smoke  1    1 21   27.836271   27.836271 1.000001e+00  29.447957   (0.75, 2.0) 1.860364e+01 0.078933  29.447957   (0.75, 2.0)  1.860364e+01   1.611685      1.611685
T11_smoke 10    0 30   79.460913   79.460993 1.455370e+05  85.642971 (2.25, -1.25) 1.976060e+05 0.034128  85.642971 (2.25, -1.25)  1.976060e+05   6.182057      6.182057
T11_smoke 10    1 30   40.878720   40.933664 1.673274e+01  42.737051  (2.75, 0.75) 7.800431e+01 0.080026  42.737051  (2.75, 0.75)  7.800431e+01   1.858330      1.858330
T11_smoke 25    0 45 -138.766698 -138.991916 1.300366e+15 168.638914  (2.25, -1.5) 2.094984e+09 0.033516 168.638914  (2.25, -1.5)  2.094984e+09 307.405613    307.405613
T11_smoke 25    1 45 -225.130345 -225.399824 1.300366e+15  72.789535  (2.75, 0.75) 6.779176e+02 0.076608  72.789535  (2.75, 0.75)  6.779176e+02 297.919880    297.919880
T11_smoke 40    0 60 -165.502479 -165.572931 2.639584e+15 241.289154 (2.75, -2.25) 6.529182e+13 0.042523 211.281797  (2.5, -0.75)  9.488929e+11 406.791634    376.784276
T11_smoke 40    1 60 -188.239809 -120.686684 1.186044e+11 105.045002    (3.0, 0.5) 7.367245e+05 0.083566 105.045002    (3.0, 0.5)  7.367245e+05 293.284812    293.284812
      R42  1    0 21   25.672515   25.672515 1.000086e+00  51.906755   (2.0, -2.5) 1.410842e+04 0.056759  51.906755   (2.0, -2.5)  1.410842e+04  26.234240     26.234240
      R42  1    1 21   27.836271   27.836271 1.000001e+00  29.447957   (0.75, 2.0) 1.860364e+01 0.078933  29.447957   (0.75, 2.0)  1.860364e+01   1.611685      1.611685
      R42 10    0 30   62.231844   62.231845 3.355254e+02 102.678959  (2.0, -2.25) 8.775772e+08 0.053815 102.678959  (2.0, -2.25)  8.775772e+08  40.447115     40.447115
      R42 10    1 30   44.530873   44.530874 1.698256e+01  45.268880   (3.0, 0.75) 1.867734e+03 0.066276  45.268880   (3.0, 0.75)  1.867734e+03   0.738007      0.738007
      R42 25    0 45 -126.716141 -126.733029 8.710252e+14 191.518890 (2.25, -2.75) 4.108467e+10 0.044022 191.518890 (2.25, -2.75)  4.108467e+10 318.235032    318.235032
      R42 25    1 45 -250.441233 -250.605205 8.749288e+14  76.165460    (3.0, 0.5) 8.310470e+03 0.062879  76.165460    (3.0, 0.5)  8.310470e+03 326.606693    326.606693
      R42 40    0 60 -165.046527 -165.078951 2.668952e+15 346.349935  (2.25, -3.0) 5.782744e+14 0.050281 265.213964  (2.0, -0.75)  4.969942e+11 511.396462    430.260491
      R42 40    1 60 -300.887120 -301.615158 2.647905e+15 118.888240    (3.0, 0.5) 1.691104e+05 0.063416 118.888240    (3.0, 0.5)  1.691104e+05 419.775360    419.775360
