ok BBOB_F1
ok BBOB_F17
ok BBOB_F22
ok BBOB_F37
ok BBOB_F49
ok BBOB_F5
ok BBOB_F55
ok DTLZ1
ok DTLZ2
ok DTLZ3
ok DTLZ4
ok DTLZ7
ok MMF1
ok MMF11_L
ok MMF16_20
ok MMF4
ok WFG1
ok WFG2
ok WFG4
ok WFG5
ok WFG9
ok ZDT1
ok ZDT3
ok ZDT4
ok ZDT6
    problema  n_ciclos  Pa_med  Pa_min  Pa_max  Pb_extra  Pb_extra_pct  n_front2_ok
0    BBOB_F1        59     3.0       1       6        55     93.220339           18
1   BBOB_F17        57     2.0       1       6        50     87.719298           42
2   BBOB_F22        51     3.0       1       6        47     92.156863           43
3   BBOB_F37        50     3.0       1       7        46     92.000000           46
4   BBOB_F49        51     3.0       1       8        49     96.078431           42
5    BBOB_F5        56     3.0       1       9        54     96.428571           24
6   BBOB_F55        54     3.0       1       7        46     85.185185           44
7      DTLZ1        31     3.0       1       7        24     77.419355           30
8      DTLZ2        65     3.0       1       6        63     96.923077           60
9      DTLZ3        64     3.0       1       6        55     85.937500           55
10     DTLZ4        63     3.0       1       6        60     95.238095            3
11     DTLZ7       102     3.0       1       7        92     90.196078           92
12      MMF1        12     2.0       1       4        12    100.000000           12
13   MMF11_L        12     2.0       1       5        10     83.333333           11
14  MMF16_20       119     2.0       1       6       111     93.277311           71
15      MMF4        11     2.0       1       6         8     72.727273           10
16      WFG1       124     2.0       1       8       112     90.322581          109
17      WFG2       141     2.0       1       5       111     78.723404          131
18      WFG4       125     3.0       1       7       112     89.600000          108
19      WFG5       121     3.0       1       7       114     94.214876          104
20      WFG9       124     3.0       1       7       102     82.258065          120
21      ZDT1       173     2.0       1       6       147     84.971098          168
22      ZDT3       181     2.0       1       6       145     80.110497          162
23      ZDT4        57     2.0       1       6        50     87.719298           56
24      ZDT6        64     2.0       1       7        52     81.250000           26

TOTAL ciclos=1967  Pb_extra=1727 (87.8%)

--- sonda: pior spearman por celula ---
          sp_min  sp_med     mae_ratio        mu_min        mu_max         f_max
problema                                                                        
BBOB_F1   0.9902  0.9932  5.598200e+00  1.853350e+01  2.428737e+02  2.709024e+02
BBOB_F17  0.8540  0.9127  5.481762e+06 -1.183949e+07  7.071626e+07  7.561763e+07
BBOB_F22  0.9244  0.9536  1.023694e+05 -9.182070e+04  2.206805e+06  2.404949e+06
BBOB_F37  0.8395  0.8948  3.926448e+02 -2.997998e+02  4.353998e+03  9.151236e+03
BBOB_F49  0.3202  0.6591  4.126533e+02 -1.490923e+02  4.245477e+03  1.552447e+04
BBOB_F5   0.9173  0.9570  1.311180e+02  2.960850e+01  3.172617e+03  3.545579e+03
BBOB_F55  0.3830  0.3968  5.228600e+00  4.056710e+01  9.649240e+01  8.635470e+01
DTLZ1     0.1203  0.7419  7.048556e+02 -6.031133e+03  1.624843e+04  4.559153e+02
DTLZ2     0.9537  0.9697  1.346000e-01 -3.610000e-01  2.518200e+00  2.491500e+00
DTLZ3     0.7236  0.8295  2.273348e+02 -2.067850e+03  3.907186e+03  1.687576e+03
DTLZ4    -0.0725  0.0843  7.891000e-01 -4.454400e+00  7.238500e+00  2.620800e+00
DTLZ7     0.9138  0.9993  5.993000e-01 -1.570000e-02  2.571530e+01  2.575750e+01
MMF1      0.0301  0.3421  2.052000e+01 -1.209065e+02  3.843596e+02  8.343200e+00
MMF11_L   0.5815  0.9814  3.282300e+00 -2.841830e+01  3.708360e+01  1.978960e+01
MMF16_20  0.9327  0.9494  2.347000e-01 -6.660000e-01  3.441500e+00  2.999200e+00
MMF4      0.2709  0.7449  1.178500e+00 -5.503100e+00  2.165950e+01  2.789900e+00
WFG1     -0.0867  0.2970  1.143000e-01  3.828000e-01  3.308300e+00  2.988300e+00
WFG2      0.0816  0.3077  7.292000e-01  6.700000e-01  6.043300e+00  4.700600e+00
WFG4      0.0441  0.1293  5.548000e-01  6.620000e-01  4.784000e+00  4.468100e+00
WFG5      0.0289  0.0759  7.622000e-01  1.257500e+00  4.562200e+00  4.626300e+00
WFG9      0.1877  0.2242  8.980000e-01  5.176000e-01  5.982500e+00  4.931900e+00
ZDT1      0.8180  0.9961  3.681000e-01 -3.300000e-03  7.555200e+00  6.695200e+00
ZDT3      0.5156  0.8919  6.333000e-01 -2.477000e-01  7.854800e+00  6.128100e+00
ZDT4      0.2617  0.4834  2.772150e+01  7.090000e-02  4.483001e+02  2.607887e+02
ZDT6     -0.0243  0.2890  1.011500e+00 -1.074490e+01  1.458080e+01  9.504200e+00
